to_be_formatted = """
0 3500 5400 3900 2400 2200 850 3000 1300 1700 2100 1100
3500 0 7500 6300 4400 4700 3500 2800 3800 1600 3300 2200
4000 500 7900 6700 4900 5200 4000 3300 4300 2100 3800 2600
5400 7600 850 2600 3800 3500 4600 7300 6200 5900 6900 5400
5400 7500 0 2500 3800 3400 4500 7200 6100 5800 6800 5300
3900 6300 2500 0 2500 1900 3000 5800 4600 4500 5400 4000
2400 4400 3800 2500 0 1500 1800 4100 3700 2800 4100 2300
3600 5700 1800 1300 2000 1600 2700 5400 4300 4000 5000 3500
2700 4700 2700 1500 1000 600 1700 4400 3300 3100 4100 2600
2500 5000 3000 1600 1300 550 1700 4500 3300 3100 4000 2600
350 4800 5100 3600 2800 2400 800 3100 1000 1800 1800 1300
2200 4700 3400 1900 1500 0 1800 4600 3400 3300 4200 2700
230 3400 5000 3500 2700 2300 700 3000 1100 1700 1900 1200
2700 5600 3400 1900 1900 850 2300 5100 3900 3800 4700 3200
850 3500 4500 3000 1800 1800 0 2800 1800 1400 2600 900
3000 2800 7200 5800 4100 4600 2800 0 3200 400 3600 950
1300 3800 6100 4600 3700 3400 1800 3200 0 2800 900 2300
1700 1600 5800 4500 2800 3300 1400 400 2800 0 3200 550
2100 3300 6800 5400 4100 4200 2600 3600 900 3200 0 3300
1100 2200 5300 4000 2300 2700 900 950 2300 550 3300 0
"""

for i in to_be_formatted.split("\n"):
    print(i)